4 590 450
1 582 458
2 558 477
3 556 479
4 592 452
1 583 458
2 559 478
3 556 479
4 591 451
1 583 458
2 558 477
3 555 479
4 591 451
1 582 458
2 558 476
3 555 479
4 591 450
1 581 456
2 557 476
3 554 478
4 591 451
1 583 457
2 558 477
3 556 480
4 591 451
1 584 459
2 559 477
3 556 479
4 591 451
1 582 458
2 558 477
3 556 479
4 591 451
1 582 458
2 558 477
3 556 479
4 590 450
1 581 457
2 558 476
3 555 479
4 591 450
1 582 458
2 559 477
3 556 480
4 591 451
1 583 458
2 558 477
3 556 479
4 592 451
1 582 458
2 558 477
3 556 479
4 592 451
1 582 458
2 558 476
3 554 478
4 590 450
1 581 457
2 558 476
3 556 479
4 592 451
1 583 458
2 559 477
3 556 480
4 591 451
1 583 458
2 558 477
3 556 479
4 591 450
1 583 458
2 558 477
3 556 479
4 591 450
1 582 458
2 557 475
3 555 478
4 590 450
1 582 457
2 558 476
3 555 479
4 592 452
1 583 459
2 559 477
3 556 479
4 592 451
1 582 458
2 558 477
3 556 479
4 591 451
1 582 458
2 558 477
3 556 479
4 591 450
1 581 457
2 558 476
3 555 479
4 591 450
1 583 458
2 559 477
3 556 480
4 592 452
1 583 458
2 559 476
3 556 479
4 592 451
1 583 458
2 558 477
3 556 479
4 591 450
1 582 457
2 559 476
3 556 478
4 590 450
1 581 457
2 558 476
3 555 479
4 592 451
1 583 458
2 559 477
3 556 480
4 592 452
1 583 458
2 558 477
3 556 479
4 591 450
1 582 458
2 559 476
3 556 479
4 592 451
1 583 458
2 558 475
3 554 478
4 590 450
1 582 457
2 558 476
3 555 479
4 592 452
1 583 458
2 559 478
3 557 480
4 591 451
1 583 458
2 559 476
3 556 479
4 592 451
1 583 458
2 558 476
3 555 479
4 591 450
1 581 457
2 558 476
3 554 478
4 590 450
1 582 458
2 558 477
3 556 480
4 591 452
1 583 458
2 559 477
3 556 479
4 591 451
1 583 458
2 559 477
3 556 479
4 591 451
1 582 458
2 558 476
3 556 479
4 591 449
1 581 457
2 557 476
3 554 478
4 591 451
1 583 458
2 559 477
3 556 480
4 591 452
1 583 458
2 559 477
3 556 479
4 592 451
1 583 458
2 559 477
3 556 480
4 591 451
1 583 457
2 558 477
3 555 478
4 590 450
1 581 457
2 558 476
3 555 479
4 591 450
1 583 458
2 559 477
3 557 480
4 591 451
1 583 458
2 558 477
3 556 479
4 591 451
1 582 458
2 558 477
3 556 479
4 591 450
1 582 458
2 558 476
3 555 478
4 590 450
1 581 457
2 558 477
3 556 479
4 592 451
1 583 458
2 559 477
3 557 480
4 591 451
1 583 458
2 559 476
3 556 479
4 592 451
1 582 458
2 558 477
3 555 479
4 591 450
1 582 456
2 557 476
3 554 478
4 590 450
1 582 458
2 558 477
3 556 480
4 591 452
1 584 459
2 559 477
3 555 479
4 591 451
1 583 458
2 558 476
3 555 479
4 591 450
1 582 458
2 558 477
3 556 478
4 591 449
1 581 457
2 557 476
3 555 478
4 591 451
1 582 458
2 559 477
3 556 480
4 591 451
1 583 458
2 558 477
3 556 479
4 592 451
1 583 458
2 559 477
3 556 479
4 591 450
1 582 458
2 558 476
3 555 478
4 590 450
1 581 457
2 558 476
3 556 479
4 592 451
1 583 458
2 559 478
3 556 480
4 592 452
1 583 458
2 559 477
3 556 479
4 591 451
1 582 458
2 558 477
3 556 479
4 591 450
1 582 457
2 558 475
3 555 478
4 590 450
1 582 458
2 558 476
3 555 479
4 592 452
1 583 458
2 559 478
3 556 480
4 591 451
1 583 458
2 559 477
3 556 479
4 592 451
1 582 457
2 559 477
3 556 479
4 591 450
1 582 457
2 558 476
3 555 479
4 591 451
1 583 457
2 558 477
3 556 480
4 591 452
1 583 459
2 559 477
3 556 479
4 592 451
1 582 458
2 558 476
3 555 479
4 591 450
1 582 458
2 558 476
3 556 479
4 591 450
1 582 457
2 557 476
3 555 479
4 591 450
1 582 458
2 559 477
3 556 480
4 592 452
1 583 458
2 558 477
3 556 479
4 591 451
1 583 458
2 558 477
3 556 479
4 591 450
1 582 458
2 558 476
3 555 478
4 590 450
1 581 457
2 557 476
3 555 479
4 591 451
1 583 458
2 559 477
3 557 480
4 591 451
1 583 458
2 558 477
3 556 479
4 591 451
1 582 458
2 558 477
3 556 479
4 591 451
1 583 457
2 558 476
3 554 478
4 590 450
1 582 458
2 558 477
3 556 480
4 591 451
1 583 458
2 559 478
3 556 479
4 592 451
1 582 458
2 558 477
3 555 479
4 592 451
1 583 457
2 558 476
3 555 479
4 591 450
1 581 457
2 558 476
3 554 479
4 591 450
1 582 458
2 558 477
3 556 480
4 591 451
1 583 459
2 559 476
3 556 479
4 592 451
1 582 458
2 558 477
3 556 479
4 591 450
1 582 458
2 558 477
3 556 479
4 590 450
1 582 457
2 557 476
3 555 479