3 588 454
4 558 477
1 550 483
2 576 463
3 587 452
4 557 476
1 550 483
2 575 462
3 588 454
4 558 477
1 551 484
2 577 464
3 588 455
4 560 478
1 550 484
2 576 464
3 587 454
4 558 477
1 550 484
2 576 463
3 587 453
4 559 477
1 550 483
2 576 462
3 586 453
4 557 476
1 549 483
2 576 463
3 588 454
4 559 477
1 551 484
2 577 464
3 588 454
4 558 477
1 551 484
2 576 464
3 587 454
4 558 477
1 550 484
2 576 463
3 587 454
4 558 476
1 549 482
2 575 462
3 586 453
4 557 477
1 550 484
2 576 464
3 588 455
4 559 478
1 552 485
2 577 464
3 587 454
4 558 477
1 551 484
2 576 463
3 587 454
4 558 477
1 550 484
2 576 463
3 588 453
4 558 475
1 549 483
2 575 462
3 587 453
4 558 477
1 550 484
2 576 464
3 588 455
4 559 478
1 551 484
2 576 463
3 588 454
4 558 477
1 550 484
2 576 463
3 587 454
4 558 477
1 550 484
2 576 462
3 587 452
4 557 476
1 549 483
2 575 462
3 588 454
4 559 478
1 551 484
2 577 464
3 588 455
4 559 477
1 550 484
2 576 464
3 587 454
4 558 477
1 550 483
2 576 463
3 588 454
4 558 477
1 550 483
2 576 462
3 587 453
4 557 476
1 549 483
2 576 463
3 588 454
4 559 477
1 551 484
2 577 464
3 588 454
4 558 477
1 551 484
2 576 463
3 588 453
4 558 477
1 550 484
2 576 463
3 587 454
4 559 476
1 550 483
2 575 461
3 587 453
4 557 477
1 550 484
2 576 464
3 587 454
4 559 478
1 551 485
2 577 463
3 588 454
4 558 477
1 550 484
2 576 463
3 588 454
4 558 477
1 550 484
2 576 463
3 588 453
4 557 475
1 549 483
2 575 462
3 587 453
4 558 477
1 550 484
2 577 464
3 588 455
4 559 478
1 551 484
2 576 463
3 588 454
4 558 477
1 550 483
2 576 463
3 588 454
4 558 477
1 550 484
2 576 463
3 587 453
4 557 476
1 550 483
2 576 463
3 588 454
4 558 477
1 551 484
2 577 464
3 588 455
4 559 477
1 550 484
2 576 464
3 587 454
4 558 477
1 550 483
2 576 463
3 588 454
4 558 477
1 550 483
2 575 462
3 586 453
4 557 476
1 550 484
2 576 463
3 588 454
4 559 477
1 551 485
2 577 464
3 588 454
4 559 477
1 550 484
2 576 463
3 588 454
4 558 477
1 550 484
2 576 464
3 587 454
4 558 476
1 550 483
2 575 462
3 587 453
4 557 477
1 550 484
2 576 464
3 588 455
4 559 478
1 551 484
2 577 463
3 588 454
4 559 477
1 550 484
2 576 463
3 588 454
4 558 477
1 550 484
2 576 463
3 588 453
4 557 476
1 549 483
2 575 461
3 587 454
4 558 477
1 551 484
2 577 464
3 588 455
4 559 477
1 551 484
2 576 464
3 587 454
4 559 477
1 550 484
2 576 463
3 588 454
4 558 477
1 550 483
2 576 463
3 586 453
4 557 476
1 549 483
2 575 462
3 588 454
4 559 477
1 551 485
2 577 464
3 588 455
4 559 477
1 551 484
2 576 464
3 587 454
4 558 477
1 550 484
2 576 463
3 587 454
4 558 477
1 550 483
2 575 461
3 587 453
4 557 476
1 549 484
2 576 463
3 588 454
4 559 478
1 551 485
2 577 464
3 588 454
4 559 477
1 550 484
2 576 463
3 588 454
4 558 477
1 550 484
2 576 463
3 588 454
4 558 476
1 549 483
2 575 462
3 587 453
4 558 477
1 550 484
2 576 464
3 588 455
4 559 478
1 551 484
2 576 464
3 587 454
4 559 477
1 550 484
2 576 463
3 588 454
4 558 477
1 550 484
2 576 463
3 587 452
4 557 476
1 549 482
2 575 462
3 587 453
4 558 477
1 551 484
2 576 464
3 588 455
4 559 477
1 551 484
2 576 463
3 588 454
4 558 477
1 550 484
2 576 464
3 587 454
4 558 477
1 550 484
2 575 461
3 586 453
4 557 476
1 549 483
2 576 463
3 588 454
4 559 477
1 551 484
2 577 464
3 588 455
4 559 477
1 550 484
2 576 463
3 588 454
4 558 477
1 550 484
2 576 463
3 588 454
4 558 477
1 550 483
2 575 462
3 587 452
4 557 476
1 550 483
2 576 464
3 588 454
4 559 478
1 551 485
2 577 463
3 588 454
4 559 477
1 551 483
2 576 463
3 588 454
4 558 476
1 550 484
2 576 463
3 588 453
4 557 475
1 549 482
2 575 462
3 587 453
4 558 477
1 550 484
2 576 464
3 588 455
4 559 478
1 551 484
2 576 464
3 587 454
4 558 477
1 550 484
2 576 463
3 588 454
4 558 477
1 550 483
2 576 463
3 587 452
4 557 475
1 549 483
2 575 463
3 587 454
4 559 477
1 551 484
2 577 464
3 588 455
4 559 477
1 550 484
2 576 464