3 582 459
4 595 448
1 552 483
2 550 485
3 583 460
4 594 448
1 552 483
2 549 484
3 582 458
4 594 449
1 551 482
2 549 484
3 582 458
4 594 448
1 551 481
2 548 483
3 581 458
4 593 448
1 552 482
2 549 485
3 582 459
4 595 449
1 552 483
2 549 485
3 582 458
4 595 449
1 552 482
2 549 485
3 582 459
4 594 448
1 551 482
2 549 484
3 582 458
4 594 447
1 551 481
2 548 484
3 581 458
4 594 449
1 551 483
2 549 485
3 583 459
4 595 449
1 552 483
2 549 485
3 582 458
4 594 449
1 552 482
2 549 484
3 582 458
4 594 448
1 551 482
2 549 484
3 581 458
4 593 448
1 550 482
2 548 484
3 582 458
4 594 449
1 552 483
2 550 485
3 583 459
4 595 449
1 552 483
2 549 484
3 582 458
4 594 448
1 551 482
2 549 484
3 582 458
4 594 448
1 552 482
2 549 484
3 581 457
4 593 448
1 551 482
2 549 484
3 582 459
4 595 449
1 552 483
2 550 485
3 583 458
4 594 449
1 552 483
2 549 484
3 582 458
4 594 448
1 552 482
2 549 484
3 582 458
4 594 448
1 551 481
2 548 483
3 581 458
4 593 448
1 552 482
2 549 485
3 582 459
4 595 449
1 552 483
2 550 485
3 582 458
4 594 449
1 552 482
2 549 484
3 582 458
4 594 449
1 551 482
2 549 484
3 582 458
4 593 447
1 551 481
2 548 484
3 581 458
4 594 448
1 552 483
2 550 485
3 583 459
4 595 449
1 552 482
2 549 484
3 582 458
4 594 449
1 552 483
2 549 484
3 581 459
4 594 448
1 551 482
2 549 484
3 581 458
4 593 447
1 551 481
2 548 484
3 582 458
4 595 449
1 552 483
2 550 485
3 583 459
4 595 448
1 552 482
2 550 484
3 582 458
4 594 449
1 551 482
2 549 484
3 582 458
4 594 448
1 551 482
2 548 484
3 581 457
4 593 448
1 551 482
2 549 484
3 582 459
4 595 449
1 552 483
2 550 485
3 583 458
4 594 448
1 551 482
2 549 484
3 582 458
4 594 448
1 551 482
2 549 484
3 582 458
4 594 448
1 550 481
2 548 483
3 581 458
4 593 448
1 551 482
2 549 485
3 582 459
4 595 449
1 552 483
2 550 484
3 582 458
4 594 449
1 551 482
2 549 484
3 582 459
4 594 448
1 551 482
2 549 484
3 581 457
4 593 447
1 551 481
2 548 484
3 581 458
4 594 449
1 552 483
2 550 485
3 582 459
4 595 449
1 552 482
2 549 484
3 582 459
4 594 449
1 551 482
2 549 484
3 582 458
4 594 448
1 551 483
2 548 483
3 581 457
4 593 447
1 551 481
2 548 484
3 581 458
4 595 449
1 552 483
2 550 485
3 583 459
4 595 449
1 552 483
2 549 484
3 582 458
4 594 448
1 551 482
2 549 484
3 582 458
4 594 448
1 551 481
2 548 483
3 581 458
4 593 448
1 551 482
2 549 484
3 582 459
4 595 450
1 552 483
2 550 485
3 582 459
4 594 449
1 552 482
2 549 484
3 582 458
4 594 448
1 551 482
2 549 484
3 582 458
4 593 447
1 551 481
2 548 483
3 581 458
4 593 448
1 551 482
2 549 484
3 582 459
4 595 449
1 552 483
2 550 484
3 582 459
4 594 449
1 552 483
2 549 484
3 582 459
4 594 448
1 552 482
2 549 484
3 581 457
4 593 448
1 551 481
2 548 484
3 582 458
4 594 448
1 552 483
2 550 485
3 583 459
4 595 449
1 552 482
2 549 485
3 582 459
4 594 449
1 551 482
2 549 484
3 582 458
4 594 449
1 551 482
2 549 483
3 581 457
4 593 448
1 551 482
2 549 484
3 581 458
4 595 449
1 552 483
2 550 485
3 583 459
4 594 449
1 552 483
2 549 484
3 582 459
4 594 448
1 551 482
2 549 484
3 582 458
4 594 448
1 551 481
2 548 483
3 581 458
4 593 448
1 551 482
2 549 485
3 583 459
4 595 449
1 552 483
2 550 485
3 582 459
4 594 448
1 552 483
2 549 484
3 582 458
4 594 449
1 551 482
2 549 484
3 582 458
4 593 447
1 551 481
2 548 484
3 581 458
4 594 449
1 551 483
2 550 485
3 583 459
4 595 449
1 553 483
2 549 484
3 582 459
4 594 448
1 552 482
2 549 484
3 582 458
4 594 449
1 551 482
2 549 484
3 581 457
4 593 447
1 551 482
2 548 484
3 582 458
4 594 449
1 552 483
2 549 485
3 583 460
4 594 449
1 552 483
2 549 485
3 582 458
4 594 449
1 552 483
2 549 484
3 582 459
4 594 448
1 551 481
2 549 483
3 581 457
4 593 448
1 551 482
2 549 484
3 582 459
4 594 449
1 553 483
2 550 485
3 582 458
4 594 448
1 552 483
2 549 484
3 582 458
4 594 448
1 551 482
2 549 484
3 581 458
4 594 448
1 551 481
2 548 483
3 581 458
4 594 448
1 551 482
2 549 485
3 582 459
4 595 449
1 552 484
2 550 484
3 582 459
4 594 449
1 551 482
2 549 484
3 582 458
4 594 448
1 551 482
2 549 484
3 582 458
4 593 448
1 551 482
2 548 484
3 581 458
4 594 448
1 551 483
2 550 485