2 576 462
3 553 480
4 588 451
1 573 464
2 576 462
3 553 480
4 589 452
1 574 465
2 577 463
3 554 482
4 591 452
1 573 465
2 577 462
3 553 481
4 589 452
1 573 464
2 576 462
3 553 481
4 589 452
1 573 464
2 576 461
3 553 480
4 589 451
1 573 464
2 577 462
3 553 481
4 590 452
1 574 465
2 578 463
3 554 481
4 590 452
1 573 465
2 577 462
3 553 481
4 590 452
1 573 464
2 577 462
3 553 481
4 589 451
1 573 463
2 576 461
3 552 480
4 589 451
1 573 465
2 577 463
3 554 482
4 590 453
1 574 465
2 578 462
3 553 481
4 590 452
1 573 465
2 577 462
3 553 481
4 589 452
1 573 464
2 576 462
3 553 481
4 589 451
1 573 464
2 576 462
3 553 480
4 589 452
1 573 465
2 577 463
3 554 482
4 590 453
1 574 465
2 577 462
3 553 481
4 590 452
1 574 464
2 577 462
3 553 481
4 589 452
1 573 465
2 577 461
3 553 480
4 588 451
1 572 464
2 577 462
3 553 481
4 589 452
1 574 465
2 577 463
3 554 482
4 590 452
1 574 465
2 577 463
3 553 481
4 589 452
1 573 465
2 576 462
3 553 481
4 590 452
1 573 464
2 576 461
3 552 480
4 589 451
1 573 465
2 577 462
3 553 481
4 590 452
1 574 465
2 578 463
3 554 481
4 589 452
1 574 465
2 577 462
3 553 481
4 589 452
1 573 465
2 576 462
3 553 481
4 590 451
1 573 464
2 576 461
3 552 480
4 588 452
1 573 465
2 577 462
3 553 481
4 590 453
1 574 466
2 578 462
3 553 481
4 590 452
1 573 465
2 577 462
3 553 481
4 590 452
1 573 465
2 577 462
3 553 480
4 588 451
1 573 464
2 576 461
3 553 481
4 590 452
1 573 465
2 578 463
3 554 482
4 590 453
1 574 464
2 577 462
3 553 481
4 589 452
1 574 465
2 577 462
3 553 481
4 589 452
1 574 464
2 576 462
3 552 480
4 588 451
1 573 464
2 576 462
3 553 480
4 589 452
1 574 465
2 578 463
3 554 481
4 589 452
1 574 465
2 577 462
3 553 481
4 589 452
1 573 465
2 576 462
3 553 481
4 590 452
1 573 464
2 576 461
3 552 480
4 589 451
1 573 465
2 577 462
3 553 481
4 590 453
1 574 466
2 577 463
3 554 481
4 589 452
1 573 465
2 577 462
3 553 481
4 589 452
1 574 465
2 577 462
3 553 481
4 589 451
1 572 464
2 576 461
3 553 480
4 589 451
1 573 465
2 577 463
3 554 481
4 590 453
1 575 465
2 577 462
3 553 481
4 590 452
1 574 465
2 577 462
3 553 481
4 590 452
1 573 465
2 577 462
3 553 480
4 588 451
1 573 464
2 576 461
3 552 481
4 589 452
1 574 465
2 577 463
3 554 482
4 591 452
1 574 465
2 577 462
3 553 481
4 589 452
1 574 465
2 577 462
3 553 481
4 589 452
1 574 465
2 576 461
3 552 480
4 588 451
1 573 464
2 576 462
3 553 481
4 590 452
1 574 465
2 578 463
3 554 481
4 590 452
1 574 465
2 577 462
3 553 481
4 590 452
1 573 464
2 577 462
3 553 481
4 589 452
1 573 463
2 576 461
3 552 480
4 589 451
1 573 464
2 577 462
3 553 481
4 590 453
1 574 465
2 578 462
3 554 481
4 589 452
1 573 465
2 577 462
3 553 481
4 589 452
1 573 464
2 576 462
3 553 481
4 589 451
1 573 464
2 576 462
3 552 480
4 589 452
1 574 465
2 578 463
3 554 481
4 590 453
1 575 465
2 577 462
3 554 481
4 590 452
1 573 465
2 577 462
3 553 481
4 590 452
1 574 465
2 577 462
3 553 480
4 588 451
1 573 464
2 576 462
3 553 480
4 589 452
1 574 465
2 577 463
3 554 482
4 590 452
1 574 465
2 577 462
3 553 481
4 590 452
1 573 465
2 577 462
3 553 481
4 590 452
1 574 465
2 576 462
3 552 480
4 588 451
1 573 464
2 577 462
3 553 481
4 590 452
1 574 465
2 578 463
3 554 481
4 590 452
1 574 465
2 577 462
3 553 481
4 590 452
1 574 464
2 577 462
3 553 481
4 589 451
1 573 464
2 576 461
3 552 480
4 589 451
1 573 464
2 577 462
3 554 481
4 590 453
1 574 466
2 578 463
3 554 481
4 589 452
1 574 465
2 577 462
3 553 481
4 589 452
1 573 464
2 576 462
3 553 480
4 589 451
1 573 464
2 576 461
3 553 480
4 589 452
1 573 465
2 577 462
3 554 482
4 590 452
1 574 465
2 577 462
3 553 481
4 589 452
1 573 465
2 577 462
3 553 481
4 589 452
1 573 464
2 577 462
3 553 479
4 589 451
1 573 464
2 576 462
3 553 481
4 589 452
1 574 465
2 578 463
3 554 482
4 590 452
1 573 465
2 577 462
3 553 481
4 589 452
1 573 465
2 577 462
3 553 481
4 589 452
1 573 464
2 576 461
3 552 480
4 588 451
1 573 464
2 577 462
3 553 481
4 590 452
1 574 466
2 577 463
3 554 481
4 590 452
1 574 465
2 577 462
3 553 481
4 590 452
1 573 465
2 577 462
3 553 481
4 590 452
1 573 464