3 552 482
4 586 455
1 574 464
2 580 460
3 552 481
4 586 455
1 574 464
2 579 459
3 553 481
4 585 453
1 573 463
2 579 459
3 552 481
4 586 455
1 574 465
2 580 460
3 553 482
4 586 456
1 574 465
2 580 460
3 553 482
4 586 455
1 574 464
2 580 459
3 552 481
4 586 455
1 574 464
2 580 459
3 552 480
4 585 454
1 573 464
2 579 459
3 552 481
4 585 455
1 575 465
2 581 461
3 553 482
4 586 455
1 574 464
2 580 460
3 552 481
4 586 455
1 574 464
2 580 459
3 553 481
4 586 454
1 574 464
2 579 459
3 552 480
4 585 454
1 573 464
2 580 459
3 552 482
4 586 455
1 575 465
2 581 461
3 553 481
4 586 455
1 574 464
2 580 460
3 552 481
4 586 455
1 574 464
2 580 460
3 552 481
4 586 455
1 573 463
2 579 459
3 551 481
4 585 454
1 574 464
2 579 460
3 553 482
4 586 456
1 574 465
2 581 460
3 552 482
4 586 455
1 574 465
2 580 460
3 553 482
4 586 454
1 574 464
2 580 460
3 552 481
4 585 453
1 573 464
2 579 459
3 552 481
4 585 455
1 574 465
2 580 460
3 553 482
4 587 455
1 575 465
2 580 460
3 552 481
4 586 455
1 574 465
2 580 460
3 552 481
4 586 455
1 574 464
2 580 459
3 551 480
4 585 454
1 573 464
2 579 460
3 552 481
4 586 455
1 575 465
2 580 461
3 553 482
4 586 455
1 574 464
2 579 460
3 552 482
4 586 455
1 574 464
2 579 460
3 552 481
4 586 454
1 574 464
2 578 459
3 551 480
4 585 454
1 573 464
2 579 460
3 552 482
4 586 455
1 575 465
2 581 461
3 553 482
4 586 455
1 574 464
2 580 460
3 552 481
4 586 455
1 574 464
2 579 460
3 552 482
4 586 454
1 573 463
2 579 459
3 551 480
4 585 454
1 574 464
2 580 460
3 553 482
4 587 456
1 575 465
2 580 460
3 552 482
4 586 455
1 574 465
2 580 460
3 552 481
4 586 455
1 574 464
2 580 460
3 552 481
4 585 453
1 573 463
2 579 459
3 552 481
4 586 455
1 574 465
2 580 460
3 553 482
4 587 455
1 575 465
2 580 460
3 552 481
4 586 455
1 574 464
2 580 459
3 552 481
4 586 455
1 574 464
2 579 459
3 551 480
4 585 453
1 573 464
2 579 460
3 553 481
4 586 455
1 575 465
2 581 461
3 553 482
4 586 455
1 574 465
2 580 460
3 552 481
4 586 455
1 574 464
2 580 460
3 552 481
4 586 455
1 573 463
2 579 459
3 551 480
4 585 454
1 574 464
2 580 460
3 553 482
4 587 456
1 574 465
2 581 460
3 553 481
4 586 455
1 574 465
2 580 460
3 552 481
4 586 454
1 574 464
2 580 460
3 552 481
4 585 454
1 573 463
2 579 459
3 552 481
4 585 455
1 574 464
2 580 460
3 553 482
4 587 456
1 575 465
2 580 460
3 552 482
4 586 455
1 574 465
2 580 460
3 552 481
4 586 455
1 574 464
2 580 460
3 552 480
4 584 454
1 573 464
2 579 459
3 552 481
4 586 455
1 575 465
2 580 461
3 553 483
4 587 455
1 574 465
2 580 460
3 552 481
4 586 455
1 574 464
2 580 459
3 552 482
4 586 455
1 574 464
2 579 458
3 551 480
4 585 454
1 573 464
2 579 460
3 552 482
4 586 455
1 575 465
2 580 461
3 553 482
4 586 455
1 574 465
2 580 460
3 552 481
4 586 455
1 574 464
2 579 460
3 552 481
4 586 454
1 574 463
2 579 459
3 551 480
4 585 454
1 574 464
2 579 460
3 553 482
4 586 455
1 575 466
2 581 460
3 552 481
4 586 455
1 574 465
2 580 460
3 552 482
4 586 455
1 574 464
2 580 460
3 552 481
4 585 453
1 573 463
2 579 459
3 552 481
4 586 455
1 574 465
2 581 460
3 553 482
4 587 456
1 574 465
2 580 460
3 553 482
4 586 455
1 574 464
2 580 460
3 552 482
4 586 454
1 574 464
2 579 459
3 552 480
4 584 454
1 573 464
2 579 459
3 552 481
4 585 455
1 575 465
2 581 461
3 553 482
4 587 455
1 574 465
2 580 460
3 553 482
4 586 455
1 574 464
2 580 460
3 552 481
4 586 455
1 574 464
2 579 458
3 551 480
4 585 454
1 573 464
2 580 459
3 553 482
4 586 455
1 575 466
2 580 461
3 553 483
4 586 455
1 574 465
2 580 460
3 553 481
4 586 455
1 574 464
2 580 459
3 552 481
4 586 454
1 573 463
2 579 459
3 551 480
4 585 455
1 574 465
2 580 460
3 553 482
4 586 456
1 575 466
2 580 460
3 552 482
4 586 455
1 574 465
2 580 460
3 552 481
4 586 455
1 574 464
2 579 459
3 553 481
4 585 454
1 573 464
2 579 459
3 552 481
4 586 455
1 574 465
2 580 460
3 553 482
4 587 455
1 575 465
2 580 460
3 552 482
4 586 455
1 574 464
2 580 459
3 553 482
4 586 455
1 574 464
2 580 459
3 552 481
4 585 454
1 573 464
2 579 460
3 552 481
4 586 455
1 575 465
2 580 461
3 553 482
4 586 455
1 574 464
2 580 460