3 552 483
4 578 462
1 577 464
2 586 455
3 552 482
4 577 462
1 576 463
2 586 455
3 552 482
4 577 462
1 576 463
2 586 455
3 551 482
4 577 461
1 575 462
2 585 454
3 551 481
4 576 462
1 576 463
2 586 455
3 552 483
4 578 463
1 577 464
2 586 455
3 552 482
4 578 462
1 576 463
2 586 455
3 552 482
4 577 462
1 576 463
2 586 455
3 552 481
4 576 461
1 575 462
2 585 454
3 551 482
4 577 462
1 576 464
2 586 455
3 553 483
4 578 462
1 576 464
2 586 455
3 552 482
4 577 462
1 576 463
2 586 455
3 552 482
4 577 462
1 576 463
2 586 454
3 550 481
4 576 461
1 575 462
2 585 454
3 552 482
4 577 462
1 576 464
2 587 456
3 552 483
4 578 462
1 576 463
2 586 455
3 551 482
4 577 462
1 576 463
2 586 455
3 552 482
4 578 462
1 576 463
2 585 454
3 551 481
4 576 461
1 575 462
2 586 455
3 552 483
4 578 463
1 577 464
2 586 455
3 552 483
4 577 462
1 576 464
2 585 455
3 552 482
4 577 462
1 576 463
2 586 455
3 552 482
4 577 461
1 574 462
2 585 454
3 551 481
4 577 462
1 576 463
2 587 455
3 552 483
4 578 463
1 577 464
2 586 455
3 552 482
4 578 462
1 576 464
2 585 455
3 551 482
4 577 462
1 576 464
2 585 455
3 551 481
4 576 461
1 575 462
2 585 454
3 551 482
4 577 462
1 577 464
2 586 455
3 553 483
4 578 462
1 577 463
2 586 455
3 552 482
4 577 462
1 576 463
2 586 455
3 551 482
4 577 462
1 576 463
2 585 454
3 550 481
4 576 461
1 575 462
2 586 454
3 552 482
4 578 463
1 577 464
2 586 456
3 552 483
4 577 462
1 576 463
2 586 455
3 552 482
4 577 462
1 576 463
2 586 455
3 552 482
4 577 462
1 575 462
2 585 454
3 550 481
4 577 462
1 576 463
2 586 455
3 552 483
4 578 463
1 577 464
2 586 455
3 552 482
4 577 462
1 576 463
2 586 455
3 551 482
4 577 462
1 576 463
2 586 455
3 551 482
4 577 461
1 575 462
2 585 454
3 551 481
4 577 462
1 576 464
2 586 455
3 552 483
4 578 463
1 577 464
2 586 455
3 552 482
4 577 462
1 576 463
2 586 455
3 552 482
4 577 462
1 576 463
2 586 455
3 551 481
4 576 461
1 575 462
2 585 454
3 552 482
4 577 462
1 577 464
2 586 455
3 552 483
4 578 462
1 576 463
2 586 455
3 552 482
4 577 462
1 576 463
2 586 455
3 552 482
4 577 462
1 576 463
2 586 454
3 551 481
4 576 461
1 575 462
2 586 455
3 552 483
4 578 462
1 577 464
2 586 456
3 552 482
4 577 462
1 576 464
2 586 455
3 552 482
4 577 462
1 576 463
2 586 455
3 552 482
4 577 461
1 575 462
2 585 454
3 551 482
4 577 462
1 576 463
2 586 455
3 553 482
4 578 463
1 577 464
2 586 455
3 551 482
4 577 462
1 576 463
2 586 455
3 552 482
4 578 462
1 576 463
2 586 455
3 552 482
4 576 461
1 575 462
2 585 454
3 551 482
4 577 462
1 577 464
2 586 455
3 553 483
4 578 463
1 576 463
2 586 455
3 552 482
4 578 462
1 576 464
2 585 455
3 552 482
4 577 462
1 576 463
2 586 454
3 551 481
4 576 461
1 575 462
2 585 455
3 551 482
4 577 462
1 577 464
2 586 455
3 553 483
4 578 462
1 576 463
2 586 455
3 552 482
4 577 462
1 576 463
2 586 455
3 552 482
4 577 462
1 576 463
2 585 454
3 550 481
4 576 461
1 576 463
2 586 455
3 552 483
4 578 463
1 577 464
2 586 455
3 552 482
4 577 462
1 576 463
2 586 455
3 552 482
4 577 462
1 576 463
2 586 455
3 552 482
4 577 462
1 575 462
2 585 454
3 551 481
4 576 462
1 576 463
2 586 455
3 552 483
4 578 463
1 577 464
2 586 455
3 552 482
4 577 462
1 576 463
2 586 455
3 551 482
4 577 462
1 576 463
2 586 455
3 551 481
4 576 461
1 575 462
2 585 454
3 551 482
4 577 462
1 576 464
2 586 455
3 553 483
4 578 463
1 576 463
2 586 455
3 552 482
4 578 462
1 576 463
2 586 455
3 552 482
4 577 462
1 576 463
2 586 454
3 551 481
4 576 461
1 575 462
2 586 455
3 552 483
4 577 462
1 577 464
2 586 456
3 552 483
4 578 462
1 576 464
2 586 455
3 552 482
4 577 462
1 576 463
2 586 454
3 552 482
4 577 462
1 576 463
2 585 454
3 551 481
4 577 461
1 576 463
2 586 455
3 552 483
4 578 463
1 577 464
2 587 455
3 552 482
4 578 462
1 577 463
2 586 455
3 552 482
4 577 462
1 576 463
2 586 455
3 552 482
4 577 461
1 575 462
2 584 454
3 551 481
4 576 462
1 576 463
2 586 455
3 552 483
4 578 463
1 577 464
2 586 455
3 552 482
4 578 462
1 577 463
2 586 455
3 552 482
4 577 462
1 576 463
2 586 455
3 551 481
4 576 461
1 575 462
2 586 454
3 551 482
4 577 462
1 576 464
2 586 455