2 581 459
3 556 479
4 556 479
1 587 455
2 581 459
3 556 478
4 555 479
1 587 455
2 581 458
3 555 478
4 555 478
1 586 454
2 580 459
3 556 479
4 556 480
1 587 455
2 581 460
3 557 479
4 556 479
1 587 455
2 581 459
3 556 479
4 556 480
1 587 455
2 581 459
3 556 479
4 555 479
1 587 454
2 579 458
3 555 478
4 554 479
1 586 455
2 581 459
3 556 479
4 556 480
1 587 456
2 581 460
3 557 478
4 556 480
1 586 455
2 581 459
3 556 479
4 556 479
1 587 455
2 581 459
3 556 479
4 555 479
1 586 454
2 580 458
3 555 478
4 555 479
1 587 455
2 581 460
3 557 479
4 556 480
1 587 456
2 581 459
3 556 479
4 556 479
1 587 455
2 581 459
3 556 479
4 556 480
1 586 455
2 581 459
3 556 478
4 554 478
1 586 454
2 580 459
3 555 479
4 556 479
1 587 455
2 581 459
3 557 480
4 556 480
1 587 455
2 581 459
3 556 479
4 556 480
1 586 455
2 581 459
3 556 478
4 555 479
1 587 455
2 580 458
3 555 477
4 554 478
1 586 455
2 580 459
3 556 479
4 556 480
1 587 456
2 582 460
3 557 479
4 556 480
1 586 455
2 581 459
3 556 479
4 556 479
1 587 455
2 581 459
3 556 478
4 556 479
1 587 453
2 579 458
3 555 478
4 555 479
1 587 455
2 581 459
3 557 479
4 556 480
1 587 456
2 581 460
3 557 478
4 556 480
1 587 455
2 581 459
3 556 479
4 556 479
1 587 455
2 581 459
3 556 479
4 555 478
1 585 454
2 580 459
3 555 478
4 555 479
1 587 455
2 581 460
3 557 479
4 556 480
1 587 455
2 582 459
3 556 479
4 556 479
1 588 455
2 581 459
3 556 478
4 555 479
1 587 455
2 581 459
3 556 477
4 555 478
1 586 454
2 580 458
3 556 479
4 555 479
1 587 455
2 581 460
3 557 480
4 556 480
1 587 455
2 581 459
3 556 478
4 556 479
1 587 455
2 581 459
3 556 478
4 555 479
1 587 455
2 580 458
3 555 477
4 555 478
1 586 454
2 581 459
3 556 479
4 556 480
1 587 456
2 581 460
3 557 479
4 556 479
1 587 455
2 581 459
3 556 479
4 556 479
1 587 455
2 581 459
3 556 479
4 555 479
1 586 454
2 580 458
3 555 478
4 555 479
1 586 455
2 581 459
3 557 479
4 556 480
1 587 456
2 582 459
3 557 479
4 556 480
1 586 455
2 581 459
3 556 478
4 556 479
1 587 455
2 581 459
3 556 479
4 555 478
1 586 454
2 580 458
3 556 478
4 555 479
1 587 455
2 582 460
3 557 479
4 557 480
1 587 455
2 581 459
3 556 479
4 556 479
1 587 455
2 581 459
3 556 479
4 555 479
1 587 455
2 581 459
3 556 477
4 554 479
1 586 454
2 580 459
3 556 478
4 555 480
1 587 455
2 582 460
3 557 480
4 556 480
1 586 455
2 581 459
3 556 479
4 556 479
1 587 455
2 581 459
3 556 478
4 555 479
1 587 454
2 580 458
3 555 478
4 554 478
1 586 455
2 581 459
3 556 479
4 556 480
1 587 456
2 581 460
3 557 479
4 555 479
1 588 455
2 581 459
3 556 479
4 555 479
1 587 455
2 581 459
3 556 478
4 555 479
1 587 453
2 580 458
3 555 478
4 555 479
1 587 455
2 581 460
3 556 479
4 557 480
1 588 456
2 581 460
3 556 479
4 556 480
1 586 455
2 581 459
3 556 479
4 556 479
1 587 455
2 581 459
3 556 478
4 555 478
1 586 454
2 580 459
3 556 478
4 555 479
1 587 456
2 581 459
3 557 479
4 557 480
1 587 455
2 581 459
3 556 479
4 556 480
1 586 455
2 581 459
3 556 479
4 556 479
1 587 455
2 581 459
3 555 477
4 554 478
1 586 454
2 580 459
3 556 478
4 556 480
1 586 455
2 582 460
3 557 479
4 556 479
1 587 455
2 581 459
3 556 479
4 556 480
1 586 455
2 581 459
3 556 479
4 555 479
1 587 454
2 580 458
3 555 477
4 554 479
1 586 455
2 581 459
3 556 479
4 556 480
1 587 456
2 582 460
3 556 478
4 555 479
1 587 455
2 581 459
3 556 478
4 556 479
1 587 455
2 581 459
3 556 479
4 556 479
1 587 453
2 579 458
3 555 478
4 554 479
1 587 455
2 581 460
3 557 479
4 556 480
1 587 455
2 582 459
3 556 479
4 556 479
1 587 455